0 0 0.0196 0.0384 0.0564 0.0736 0.09 0.1056 0.1204 0.1344 0.1476 0.16 0.1716 0.1824 0.1924 0.2016 0.21 0.2176 0.2244 0.2304 0.2356 0.24 0.2436 0.2464 0.2484 0.2496 0.25 0.2496 0.2484 0.2464 0.2436 0.24 0.2356 0.2304 0.2244 0.2176 0.21 0.2016 0.1924 0.1824 0.1716 0.16 0.1476 0.1344 0.1204 0.1056 0.09 0.0736 0.0564 0.0384 0.0196 0
0.02 0 0.0192 0.038 0.056 0.0732 0.0896 0.1052 0.12 0.134 0.1472 0.1596 0.1712 0.182 0.192 0.2012 0.2096 0.2172 0.224 0.23 0.2352 0.2396 0.2432 0.246 0.248 0.2492 0.2496 0.2492 0.248 0.246 0.2432 0.2396 0.2352 0.23 0.224 0.2172 0.2096 0.2012 0.192 0.182 0.1712 0.1596 0.1472 0.134 0.12 0.1052 0.0896 0.0732 0.056 0.038 0.0192 0
0.04 0 0.0184 0.0368 0.0548 0.072 0.0884 0.104 0.1188 0.1328 0.146 0.1584 0.17 0.1808 0.1908 0.2 0.2084 0.216 0.2228 0.2288 0.234 0.2384 0.242 0.2448 0.2468 0.248 0.2484 0.248 0.2468 0.2448 0.242 0.2384 0.234 0.2288 0.2228 0.216 0.2084 0.2 0.1908 0.1808 0.17 0.1584 0.146 0.1328 0.1188 0.104 0.0884 0.072 0.0548 0.0368 0.0184 0
0.06 0 0.0176 0.0352 0.0528 0.07 0.0864 0.102 0.1168 0.1308 0.144 0.1564 0.168 0.1788 0.1888 0.198 0.2064 0.214 0.2208 0.2268 0.232 0.2364 0.24 0.2428 0.2448 0.246 0.2464 0.246 0.2448 0.2428 0.24 0.2364 0.232 0.2268 0.2208 0.214 0.2064 0.198 0.1888 0.1788 0.168 0.1564 0.144 0.1308 0.1168 0.102 0.0864 0.07 0.0528 0.0352 0.0176 0
0.08 0 0.0168 0.0336 0.0504 0.0672 0.0836 0.0992 0.114 0.128 0.1412 0.1536 0.1652 0.176 0.186 0.1952 0.2036 0.2112 0.218 0.224 0.2292 0.2336 0.2372 0.24 0.242 0.2432 0.2436 0.2432 0.242 0.24 0.2372 0.2336 0.2292 0.224 0.218 0.2112 0.2036 0.1952 0.186 0.176 0.1652 0.1536 0.1412 0.128 0.114 0.0992 0.0836 0.0672 0.0504 0.0336 0.0168 0
0.1 0 0.016 0.032 0.048 0.064 0.08 0.0956 0.1104 0.1244 0.1376 0.15 0.1616 0.1724 0.1824 0.1916 0.2 0.2076 0.2144 0.2204 0.2256 0.23 0.2336 0.2364 0.2384 0.2396 0.24 0.2396 0.2384 0.2364 0.2336 0.23 0.2256 0.2204 0.2144 0.2076 0.2 0.1916 0.1824 0.1724 0.1616 0.15 0.1376 0.1244 0.1104 0.0956 0.08 0.064 0.048 0.032 0.016 0
0.12 0 0.0152 0.0304 0.0456 0.0608 0.076 0.0912 0.106 0.12 0.1332 0.1456 0.1572 0.168 0.178 0.1872 0.1956 0.2032 0.21 0.216 0.2212 0.2256 0.2292 0.232 0.234 0.2352 0.2356 0.2352 0.234 0.232 0.2292 0.2256 0.2212 0.216 0.21 0.2032 0.1956 0.1872 0.178 0.168 0.1572 0.1456 0.1332 0.12 0.106 0.0912 0.076 0.0608 0.0456 0.0304 0.0152 0
0.14 0 0.0144 0.0288 0.0432 0.0576 0.072 0.0864 0.1008 0.1148 0.128 0.1404 0.152 0.1628 0.1728 0.182 0.1904 0.198 0.2048 0.2108 0.216 0.2204 0.224 0.2268 0.2288 0.23 0.2304 0.23 0.2288 0.2268 0.224 0.2204 0.216 0.2108 0.2048 0.198 0.1904 0.182 0.1728 0.1628 0.152 0.1404 0.128 0.1148 0.1008 0.0864 0.072 0.0576 0.0432 0.0288 0.0144 0
0.16 0 0.0136 0.0272 0.0408 0.0544 0.068 0.0816 0.0952 0.1088 0.122 0.1344 0.146 0.1568 0.1668 0.176 0.1844 0.192 0.1988 0.2048 0.21 0.2144 0.218 0.2208 0.2228 0.224 0.2244 0.224 0.2228 0.2208 0.218 0.2144 0.21 0.2048 0.1988 0.192 0.1844 0.176 0.1668 0.1568 0.146 0.1344 0.122 0.1088 0.0952 0.0816 0.068 0.0544 0.0408 0.0272 0.0136 0
0.18 0 0.0128 0.0256 0.0384 0.0512 0.064 0.0768 0.0896 0.1024 0.1152 0.1276 0.1392 0.15 0.16 0.1692 0.1776 0.1852 0.192 0.198 0.2032 0.2076 0.2112 0.214 0.216 0.2172 0.2176 0.2172 0.216 0.214 0.2112 0.2076 0.2032 0.198 0.192 0.1852 0.1776 0.1692 0.16 0.15 0.1392 0.1276 0.1152 0.1024 0.0896 0.0768 0.064 0.0512 0.0384 0.0256 0.0128 0
0.2 0 0.012 0.024 0.036 0.048 0.06 0.072 0.084 0.096 0.108 0.12 0.1316 0.1424 0.1524 0.1616 0.17 0.1776 0.1844 0.1904 0.1956 0.2 0.2036 0.2064 0.2084 0.2096 0.21 0.2096 0.2084 0.2064 0.2036 0.2 0.1956 0.1904 0.1844 0.1776 0.17 0.1616 0.1524 0.1424 0.1316 0.12 0.108 0.096 0.084 0.072 0.06 0.048 0.036 0.024 0.012 0
0.22 0 0.0112 0.0224 0.0336 0.0448 0.056 0.0672 0.0784 0.0896 0.1008 0.112 0.1232 0.134 0.144 0.1532 0.1616 0.1692 0.176 0.182 0.1872 0.1916 0.1952 0.198 0.2 0.2012 0.2016 0.2012 0.2 0.198 0.1952 0.1916 0.1872 0.182 0.176 0.1692 0.1616 0.1532 0.144 0.134 0.1232 0.112 0.1008 0.0896 0.0784 0.0672 0.056 0.0448 0.0336 0.0224 0.0112 0
0.24 0 0.0104 0.0208 0.0312 0.0416 0.052 0.0624 0.0728 0.0832 0.0936 0.104 0.1144 0.1248 0.1348 0.144 0.1524 0.16 0.1668 0.1728 0.178 0.1824 0.186 0.1888 0.1908 0.192 0.1924 0.192 0.1908 0.1888 0.186 0.1824 0.178 0.1728 0.1668 0.16 0.1524 0.144 0.1348 0.1248 0.1144 0.104 0.0936 0.0832 0.0728 0.0624 0.052 0.0416 0.0312 0.0208 0.0104 0
0.26 0 0.0096 0.0192 0.0288 0.0384 0.048 0.0576 0.0672 0.0768 0.0864 0.096 0.1056 0.1152 0.1248 0.134 0.1424 0.15 0.1568 0.1628 0.168 0.1724 0.176 0.1788 0.1808 0.182 0.1824 0.182 0.1808 0.1788 0.176 0.1724 0.168 0.1628 0.1568 0.15 0.1424 0.134 0.1248 0.1152 0.1056 0.096 0.0864 0.0768 0.0672 0.0576 0.048 0.0384 0.0288 0.0192 0.0096 0
0.28 0 0.0088 0.0176 0.0264 0.0352 0.044 0.0528 0.0616 0.0704 0.0792 0.088 0.0968 0.1056 0.1144 0.1232 0.1316 0.1392 0.146 0.152 0.1572 0.1616 0.1652 0.168 0.17 0.1712 0.1716 0.1712 0.17 0.168 0.1652 0.1616 0.1572 0.152 0.146 0.1392 0.1316 0.1232 0.1144 0.1056 0.0968 0.088 0.0792 0.0704 0.0616 0.0528 0.044 0.0352 0.0264 0.0176 0.0088 0
0.3 0 0.008 0.016 0.024 0.032 0.04 0.048 0.056 0.064 0.072 0.08 0.088 0.096 0.104 0.112 0.12 0.1276 0.1344 0.1404 0.1456 0.15 0.1536 0.1564 0.1584 0.1596 0.16 0.1596 0.1584 0.1564 0.1536 0.15 0.1456 0.1404 0.1344 0.1276 0.12 0.112 0.104 0.096 0.088 0.08 0.072 0.064 0.056 0.048 0.04 0.032 0.024 0.016 0.008 0
0.32 0 0.0072 0.0144 0.0216 0.0288 0.036 0.0432 0.0504 0.0576 0.0648 0.072 0.0792 0.0864 0.0936 0.1008 0.108 0.1152 0.122 0.128 0.1332 0.1376 0.1412 0.144 0.146 0.1472 0.1476 0.1472 0.146 0.144 0.1412 0.1376 0.1332 0.128 0.122 0.1152 0.108 0.1008 0.0936 0.0864 0.0792 0.072 0.0648 0.0576 0.0504 0.0432 0.036 0.0288 0.0216 0.0144 0.0072 0
0.34 0 0.0064 0.0128 0.0192 0.0256 0.032 0.0384 0.0448 0.0512 0.0576 0.064 0.0704 0.0768 0.0832 0.0896 0.096 0.1024 0.1088 0.1148 0.12 0.1244 0.128 0.1308 0.1328 0.134 0.1344 0.134 0.1328 0.1308 0.128 0.1244 0.12 0.1148 0.1088 0.1024 0.096 0.0896 0.0832 0.0768 0.0704 0.064 0.0576 0.0512 0.0448 0.0384 0.032 0.0256 0.0192 0.0128 0.0064 0
0.36 0 0.0056 0.0112 0.0168 0.0224 0.028 0.0336 0.0392 0.0448 0.0504 0.056 0.0616 0.0672 0.0728 0.0784 0.084 0.0896 0.0952 0.1008 0.106 0.1104 0.114 0.1168 0.1188 0.12 0.1204 0.12 0.1188 0.1168 0.114 0.1104 0.106 0.1008 0.0952 0.0896 0.084 0.0784 0.0728 0.0672 0.0616 0.056 0.0504 0.0448 0.0392 0.0336 0.028 0.0224 0.0168 0.0112 0.0056 0
0.38 0 0.0048 0.0096 0.0144 0.0192 0.024 0.0288 0.0336 0.0384 0.0432 0.048 0.0528 0.0576 0.0624 0.0672 0.072 0.0768 0.0816 0.0864 0.0912 0.0956 0.0992 0.102 0.104 0.1052 0.1056 0.1052 0.104 0.102 0.0992 0.0956 0.0912 0.0864 0.0816 0.0768 0.072 0.0672 0.0624 0.0576 0.0528 0.048 0.0432 0.0384 0.0336 0.0288 0.024 0.0192 0.0144 0.0096 0.0048 0
0.4 0 0.004 0.008 0.012 0.016 0.02 0.024 0.028 0.032 0.036 0.04 0.044 0.048 0.052 0.056 0.06 0.064 0.068 0.072 0.076 0.08 0.0836 0.0864 0.0884 0.0896 0.09 0.0896 0.0884 0.0864 0.0836 0.08 0.076 0.072 0.068 0.064 0.06 0.056 0.052 0.048 0.044 0.04 0.036 0.032 0.028 0.024 0.02 0.016 0.012 0.008 0.004 0
0.42 0 0.0032 0.0064 0.0096 0.0128 0.016 0.0192 0.0224 0.0256 0.0288 0.032 0.0352 0.0384 0.0416 0.0448 0.048 0.0512 0.0544 0.0576 0.0608 0.064 0.0672 0.07 0.072 0.0732 0.0736 0.0732 0.072 0.07 0.0672 0.064 0.0608 0.0576 0.0544 0.0512 0.048 0.0448 0.0416 0.0384 0.0352 0.032 0.0288 0.0256 0.0224 0.0192 0.016 0.0128 0.0096 0.0064 0.0032 0
0.44 0 0.0024 0.0048 0.0072 0.0096 0.012 0.0144 0.0168 0.0192 0.0216 0.024 0.0264 0.0288 0.0312 0.0336 0.036 0.0384 0.0408 0.0432 0.0456 0.048 0.0504 0.0528 0.0548 0.056 0.0564 0.056 0.0548 0.0528 0.0504 0.048 0.0456 0.0432 0.0408 0.0384 0.036 0.0336 0.0312 0.0288 0.0264 0.024 0.0216 0.0192 0.0168 0.0144 0.012 0.0096 0.0072 0.0048 0.0024 0
0.46 0 0.0016 0.0032 0.0048 0.0064 0.008 0.0096 0.0112 0.0128 0.0144 0.016 0.0176 0.0192 0.0208 0.0224 0.024 0.0256 0.0272 0.0288 0.0304 0.032 0.0336 0.0352 0.0368 0.038 0.0384 0.038 0.0368 0.0352 0.0336 0.032 0.0304 0.0288 0.0272 0.0256 0.024 0.0224 0.0208 0.0192 0.0176 0.016 0.0144 0.0128 0.0112 0.0096 0.008 0.0064 0.0048 0.0032 0.0016 0
0.48 0 0.0008 0.0016 0.0024 0.0032 0.004 0.0048 0.0056 0.0064 0.0072 0.008 0.0088 0.0096 0.0104 0.0112 0.012 0.0128 0.0136 0.0144 0.0152 0.016 0.0168 0.0176 0.0184 0.0192 0.0196 0.0192 0.0184 0.0176 0.0168 0.016 0.0152 0.0144 0.0136 0.0128 0.012 0.0112 0.0104 0.0096 0.0088 0.008 0.0072 0.0064 0.0056 0.0048 0.004 0.0032 0.0024 0.0016 0.0008 0
0.5 0 -1.11022e-16 0 -4.44089e-16 -1.73472e-16 -4.4062e-16 -2.84495e-16 -7.18176e-16 -2.91434e-16 -1.00614e-15 -4.44089e-16 -1.1588e-15 -3.33067e-16 -1.17961e-15 -3.88578e-16 -1.31839e-15 -4.16334e-16 -1.44329e-15 -5.55112e-16 -1.52656e-15 -7.49401e-16 -1.66533e-15 -7.77156e-16 -1.55431e-15 -6.38378e-16 -1.55431e-15 -6.38378e-16 -1.52656e-15 -5.82867e-16 -1.38778e-15 -4.44089e-16 -1.33227e-15 -4.16334e-16 -1.27676e-15 -2.91434e-16 -1.02696e-15 -3.747e-16 -9.57567e-16 -4.02456e-16 -7.56339e-16 -3.33067e-16 -6.93889e-16 -4.85723e-16 -5.75928e-16 -2.42861e-16 -3.747e-16 -5.89806e-17 -1.38778e-16 -3.46945e-18 -5.55112e-17 0
0.52 0 -0.0008 -0.0016 -0.0024 -0.0032 -0.004 -0.0048 -0.0056 -0.0064 -0.0072 -0.008 -0.0088 -0.0096 -0.0104 -0.0112 -0.012 -0.0128 -0.0136 -0.0144 -0.0152 -0.016 -0.0168 -0.0176 -0.0184 -0.0192 -0.0196 -0.0192 -0.0184 -0.0176 -0.0168 -0.016 -0.0152 -0.0144 -0.0136 -0.0128 -0.012 -0.0112 -0.0104 -0.0096 -0.0088 -0.008 -0.0072 -0.0064 -0.0056 -0.0048 -0.004 -0.0032 -0.0024 -0.0016 -0.0008 0
0.54 0 -0.0016 -0.0032 -0.0048 -0.0064 -0.008 -0.0096 -0.0112 -0.0128 -0.0144 -0.016 -0.0176 -0.0192 -0.0208 -0.0224 -0.024 -0.0256 -0.0272 -0.0288 -0.0304 -0.032 -0.0336 -0.0352 -0.0368 -0.038 -0.0384 -0.038 -0.0368 -0.0352 -0.0336 -0.032 -0.0304 -0.0288 -0.0272 -0.0256 -0.024 -0.0224 -0.0208 -0.0192 -0.0176 -0.016 -0.0144 -0.0128 -0.0112 -0.0096 -0.008 -0.0064 -0.0048 -0.0032 -0.0016 0
0.56 0 -0.0024 -0.0048 -0.0072 -0.0096 -0.012 -0.0144 -0.0168 -0.0192 -0.0216 -0.024 -0.0264 -0.0288 -0.0312 -0.0336 -0.036 -0.0384 -0.0408 -0.0432 -0.0456 -0.048 -0.0504 -0.0528 -0.0548 -0.056 -0.0564 -0.056 -0.0548 -0.0528 -0.0504 -0.048 -0.0456 -0.0432 -0.0408 -0.0384 -0.036 -0.0336 -0.0312 -0.0288 -0.0264 -0.024 -0.0216 -0.0192 -0.0168 -0.0144 -0.012 -0.0096 -0.0072 -0.0048 -0.0024 0
0.58 0 -0.0032 -0.0064 -0.0096 -0.0128 -0.016 -0.0192 -0.0224 -0.0256 -0.0288 -0.032 -0.0352 -0.0384 -0.0416 -0.0448 -0.048 -0.0512 -0.0544 -0.0576 -0.0608 -0.064 -0.0672 -0.07 -0.072 -0.0732 -0.0736 -0.0732 -0.072 -0.07 -0.0672 -0.064 -0.0608 -0.0576 -0.0544 -0.0512 -0.048 -0.0448 -0.0416 -0.0384 -0.0352 -0.032 -0.0288 -0.0256 -0.0224 -0.0192 -0.016 -0.0128 -0.0096 -0.0064 -0.0032 0
0.6 0 -0.004 -0.008 -0.012 -0.016 -0.02 -0.024 -0.028 -0.032 -0.036 -0.04 -0.044 -0.048 -0.052 -0.056 -0.06 -0.064 -0.068 -0.072 -0.076 -0.08 -0.0836 -0.0864 -0.0884 -0.0896 -0.09 -0.0896 -0.0884 -0.0864 -0.0836 -0.08 -0.076 -0.072 -0.068 -0.064 -0.06 -0.056 -0.052 -0.048 -0.044 -0.04 -0.036 -0.032 -0.028 -0.024 -0.02 -0.016 -0.012 -0.008 -0.004 0
0.62 0 -0.0048 -0.0096 -0.0144 -0.0192 -0.024 -0.0288 -0.0336 -0.0384 -0.0432 -0.048 -0.0528 -0.0576 -0.0624 -0.0672 -0.072 -0.0768 -0.0816 -0.0864 -0.0912 -0.0956 -0.0992 -0.102 -0.104 -0.1052 -0.1056 -0.1052 -0.104 -0.102 -0.0992 -0.0956 -0.0912 -0.0864 -0.0816 -0.0768 -0.072 -0.0672 -0.0624 -0.0576 -0.0528 -0.048 -0.0432 -0.0384 -0.0336 -0.0288 -0.024 -0.0192 -0.0144 -0.0096 -0.0048 0
0.64 0 -0.0056 -0.0112 -0.0168 -0.0224 -0.028 -0.0336 -0.0392 -0.0448 -0.0504 -0.056 -0.0616 -0.0672 -0.0728 -0.0784 -0.084 -0.0896 -0.0952 -0.1008 -0.106 -0.1104 -0.114 -0.1168 -0.1188 -0.12 -0.1204 -0.12 -0.1188 -0.1168 -0.114 -0.1104 -0.106 -0.1008 -0.0952 -0.0896 -0.084 -0.0784 -0.0728 -0.0672 -0.0616 -0.056 -0.0504 -0.0448 -0.0392 -0.0336 -0.028 -0.0224 -0.0168 -0.0112 -0.0056 0
0.66 0 -0.0064 -0.0128 -0.0192 -0.0256 -0.032 -0.0384 -0.0448 -0.0512 -0.0576 -0.064 -0.0704 -0.0768 -0.0832 -0.0896 -0.096 -0.1024 -0.1088 -0.1148 -0.12 -0.1244 -0.128 -0.1308 -0.1328 -0.134 -0.1344 -0.134 -0.1328 -0.1308 -0.128 -0.1244 -0.12 -0.1148 -0.1088 -0.1024 -0.096 -0.0896 -0.0832 -0.0768 -0.0704 -0.064 -0.0576 -0.0512 -0.0448 -0.0384 -0.032 -0.0256 -0.0192 -0.0128 -0.0064 0
0.68 0 -0.0072 -0.0144 -0.0216 -0.0288 -0.036 -0.0432 -0.0504 -0.0576 -0.0648 -0.072 -0.0792 -0.0864 -0.0936 -0.1008 -0.108 -0.1152 -0.122 -0.128 -0.1332 -0.1376 -0.1412 -0.144 -0.146 -0.1472 -0.1476 -0.1472 -0.146 -0.144 -0.1412 -0.1376 -0.1332 -0.128 -0.122 -0.1152 -0.108 -0.1008 -0.0936 -0.0864 -0.0792 -0.072 -0.0648 -0.0576 -0.0504 -0.0432 -0.036 -0.0288 -0.0216 -0.0144 -0.0072 0
0.7 0 -0.008 -0.016 -0.024 -0.032 -0.04 -0.048 -0.056 -0.064 -0.072 -0.08 -0.088 -0.096 -0.104 -0.112 -0.12 -0.1276 -0.1344 -0.1404 -0.1456 -0.15 -0.1536 -0.1564 -0.1584 -0.1596 -0.16 -0.1596 -0.1584 -0.1564 -0.1536 -0.15 -0.1456 -0.1404 -0.1344 -0.1276 -0.12 -0.112 -0.104 -0.096 -0.088 -0.08 -0.072 -0.064 -0.056 -0.048 -0.04 -0.032 -0.024 -0.016 -0.008 0
0.72 0 -0.0088 -0.0176 -0.0264 -0.0352 -0.044 -0.0528 -0.0616 -0.0704 -0.0792 -0.088 -0.0968 -0.1056 -0.1144 -0.1232 -0.1316 -0.1392 -0.146 -0.152 -0.1572 -0.1616 -0.1652 -0.168 -0.17 -0.1712 -0.1716 -0.1712 -0.17 -0.168 -0.1652 -0.1616 -0.1572 -0.152 -0.146 -0.1392 -0.1316 -0.1232 -0.1144 -0.1056 -0.0968 -0.088 -0.0792 -0.0704 -0.0616 -0.0528 -0.044 -0.0352 -0.0264 -0.0176 -0.0088 0
0.74 0 -0.0096 -0.0192 -0.0288 -0.0384 -0.048 -0.0576 -0.0672 -0.0768 -0.0864 -0.096 -0.1056 -0.1152 -0.1248 -0.134 -0.1424 -0.15 -0.1568 -0.1628 -0.168 -0.1724 -0.176 -0.1788 -0.1808 -0.182 -0.1824 -0.182 -0.1808 -0.1788 -0.176 -0.1724 -0.168 -0.1628 -0.1568 -0.15 -0.1424 -0.134 -0.1248 -0.1152 -0.1056 -0.096 -0.0864 -0.0768 -0.0672 -0.0576 -0.048 -0.0384 -0.0288 -0.0192 -0.0096 0
0.76 0 -0.0104 -0.0208 -0.0312 -0.0416 -0.052 -0.0624 -0.0728 -0.0832 -0.0936 -0.104 -0.1144 -0.1248 -0.1348 -0.144 -0.1524 -0.16 -0.1668 -0.1728 -0.178 -0.1824 -0.186 -0.1888 -0.1908 -0.192 -0.1924 -0.192 -0.1908 -0.1888 -0.186 -0.1824 -0.178 -0.1728 -0.1668 -0.16 -0.1524 -0.144 -0.1348 -0.1248 -0.1144 -0.104 -0.0936 -0.0832 -0.0728 -0.0624 -0.052 -0.0416 -0.0312 -0.0208 -0.0104 0
0.78 0 -0.0112 -0.0224 -0.0336 -0.0448 -0.056 -0.0672 -0.0784 -0.0896 -0.1008 -0.112 -0.1232 -0.134 -0.144 -0.1532 -0.1616 -0.1692 -0.176 -0.182 -0.1872 -0.1916 -0.1952 -0.198 -0.2 -0.2012 -0.2016 -0.2012 -0.2 -0.198 -0.1952 -0.1916 -0.1872 -0.182 -0.176 -0.1692 -0.1616 -0.1532 -0.144 -0.134 -0.1232 -0.112 -0.1008 -0.0896 -0.0784 -0.0672 -0.056 -0.0448 -0.0336 -0.0224 -0.0112 0
0.8 0 -0.012 -0.024 -0.036 -0.048 -0.06 -0.072 -0.084 -0.096 -0.108 -0.12 -0.1316 -0.1424 -0.1524 -0.1616 -0.17 -0.1776 -0.1844 -0.1904 -0.1956 -0.2 -0.2036 -0.2064 -0.2084 -0.2096 -0.21 -0.2096 -0.2084 -0.2064 -0.2036 -0.2 -0.1956 -0.1904 -0.1844 -0.1776 -0.17 -0.1616 -0.1524 -0.1424 -0.1316 -0.12 -0.108 -0.096 -0.084 -0.072 -0.06 -0.048 -0.036 -0.024 -0.012 0
0.82 0 -0.0128 -0.0256 -0.0384 -0.0512 -0.064 -0.0768 -0.0896 -0.1024 -0.1152 -0.1276 -0.1392 -0.15 -0.16 -0.1692 -0.1776 -0.1852 -0.192 -0.198 -0.2032 -0.2076 -0.2112 -0.214 -0.216 -0.2172 -0.2176 -0.2172 -0.216 -0.214 -0.2112 -0.2076 -0.2032 -0.198 -0.192 -0.1852 -0.1776 -0.1692 -0.16 -0.15 -0.1392 -0.1276 -0.1152 -0.1024 -0.0896 -0.0768 -0.064 -0.0512 -0.0384 -0.0256 -0.0128 0
0.84 0 -0.0136 -0.0272 -0.0408 -0.0544 -0.068 -0.0816 -0.0952 -0.1088 -0.122 -0.1344 -0.146 -0.1568 -0.1668 -0.176 -0.1844 -0.192 -0.1988 -0.2048 -0.21 -0.2144 -0.218 -0.2208 -0.2228 -0.224 -0.2244 -0.224 -0.2228 -0.2208 -0.218 -0.2144 -0.21 -0.2048 -0.1988 -0.192 -0.1844 -0.176 -0.1668 -0.1568 -0.146 -0.1344 -0.122 -0.1088 -0.0952 -0.0816 -0.068 -0.0544 -0.0408 -0.0272 -0.0136 0
0.86 0 -0.0144 -0.0288 -0.0432 -0.0576 -0.072 -0.0864 -0.1008 -0.1148 -0.128 -0.1404 -0.152 -0.1628 -0.1728 -0.182 -0.1904 -0.198 -0.2048 -0.2108 -0.216 -0.2204 -0.224 -0.2268 -0.2288 -0.23 -0.2304 -0.23 -0.2288 -0.2268 -0.224 -0.2204 -0.216 -0.2108 -0.2048 -0.198 -0.1904 -0.182 -0.1728 -0.1628 -0.152 -0.1404 -0.128 -0.1148 -0.1008 -0.0864 -0.072 -0.0576 -0.0432 -0.0288 -0.0144 0
0.88 0 -0.0152 -0.0304 -0.0456 -0.0608 -0.076 -0.0912 -0.106 -0.12 -0.1332 -0.1456 -0.1572 -0.168 -0.178 -0.1872 -0.1956 -0.2032 -0.21 -0.216 -0.2212 -0.2256 -0.2292 -0.232 -0.234 -0.2352 -0.2356 -0.2352 -0.234 -0.232 -0.2292 -0.2256 -0.2212 -0.216 -0.21 -0.2032 -0.1956 -0.1872 -0.178 -0.168 -0.1572 -0.1456 -0.1332 -0.12 -0.106 -0.0912 -0.076 -0.0608 -0.0456 -0.0304 -0.0152 0
0.9 0 -0.016 -0.032 -0.048 -0.064 -0.08 -0.0956 -0.1104 -0.1244 -0.1376 -0.15 -0.1616 -0.1724 -0.1824 -0.1916 -0.2 -0.2076 -0.2144 -0.2204 -0.2256 -0.23 -0.2336 -0.2364 -0.2384 -0.2396 -0.24 -0.2396 -0.2384 -0.2364 -0.2336 -0.23 -0.2256 -0.2204 -0.2144 -0.2076 -0.2 -0.1916 -0.1824 -0.1724 -0.1616 -0.15 -0.1376 -0.1244 -0.1104 -0.0956 -0.08 -0.064 -0.048 -0.032 -0.016 0
0.92 0 -0.0168 -0.0336 -0.0504 -0.0672 -0.0836 -0.0992 -0.114 -0.128 -0.1412 -0.1536 -0.1652 -0.176 -0.186 -0.1952 -0.2036 -0.2112 -0.218 -0.224 -0.2292 -0.2336 -0.2372 -0.24 -0.242 -0.2432 -0.2436 -0.2432 -0.242 -0.24 -0.2372 -0.2336 -0.2292 -0.224 -0.218 -0.2112 -0.2036 -0.1952 -0.186 -0.176 -0.1652 -0.1536 -0.1412 -0.128 -0.114 -0.0992 -0.0836 -0.0672 -0.0504 -0.0336 -0.0168 0
0.94 0 -0.0176 -0.0352 -0.0528 -0.07 -0.0864 -0.102 -0.1168 -0.1308 -0.144 -0.1564 -0.168 -0.1788 -0.1888 -0.198 -0.2064 -0.214 -0.2208 -0.2268 -0.232 -0.2364 -0.24 -0.2428 -0.2448 -0.246 -0.2464 -0.246 -0.2448 -0.2428 -0.24 -0.2364 -0.232 -0.2268 -0.2208 -0.214 -0.2064 -0.198 -0.1888 -0.1788 -0.168 -0.1564 -0.144 -0.1308 -0.1168 -0.102 -0.0864 -0.07 -0.0528 -0.0352 -0.0176 0
0.96 0 -0.0184 -0.0368 -0.0548 -0.072 -0.0884 -0.104 -0.1188 -0.1328 -0.146 -0.1584 -0.17 -0.1808 -0.1908 -0.2 -0.2084 -0.216 -0.2228 -0.2288 -0.234 -0.2384 -0.242 -0.2448 -0.2468 -0.248 -0.2484 -0.248 -0.2468 -0.2448 -0.242 -0.2384 -0.234 -0.2288 -0.2228 -0.216 -0.2084 -0.2 -0.1908 -0.1808 -0.17 -0.1584 -0.146 -0.1328 -0.1188 -0.104 -0.0884 -0.072 -0.0548 -0.0368 -0.0184 0
0.98 0 -0.0192 -0.038 -0.056 -0.0732 -0.0896 -0.1052 -0.12 -0.134 -0.1472 -0.1596 -0.1712 -0.182 -0.192 -0.2012 -0.2096 -0.2172 -0.224 -0.23 -0.2352 -0.2396 -0.2432 -0.246 -0.248 -0.2492 -0.2496 -0.2492 -0.248 -0.246 -0.2432 -0.2396 -0.2352 -0.23 -0.224 -0.2172 -0.2096 -0.2012 -0.192 -0.182 -0.1712 -0.1596 -0.1472 -0.134 -0.12 -0.1052 -0.0896 -0.0732 -0.056 -0.038 -0.0192 0
1 0 -0.0196 -0.0384 -0.0564 -0.0736 -0.09 -0.1056 -0.1204 -0.1344 -0.1476 -0.16 -0.1716 -0.1824 -0.1924 -0.2016 -0.21 -0.2176 -0.2244 -0.2304 -0.2356 -0.24 -0.2436 -0.2464 -0.2484 -0.2496 -0.25 -0.2496 -0.2484 -0.2464 -0.2436 -0.24 -0.2356 -0.2304 -0.2244 -0.2176 -0.21 -0.2016 -0.1924 -0.1824 -0.1716 -0.16 -0.1476 -0.1344 -0.1204 -0.1056 -0.09 -0.0736 -0.0564 -0.0384 -0.0196 0
1.02 0 -0.0192 -0.038 -0.056 -0.0732 -0.0896 -0.1052 -0.12 -0.134 -0.1472 -0.1596 -0.1712 -0.182 -0.192 -0.2012 -0.2096 -0.2172 -0.224 -0.23 -0.2352 -0.2396 -0.2432 -0.246 -0.248 -0.2492 -0.2496 -0.2492 -0.248 -0.246 -0.2432 -0.2396 -0.2352 -0.23 -0.224 -0.2172 -0.2096 -0.2012 -0.192 -0.182 -0.1712 -0.1596 -0.1472 -0.134 -0.12 -0.1052 -0.0896 -0.0732 -0.056 -0.038 -0.0192 0
1.04 0 -0.0184 -0.0368 -0.0548 -0.072 -0.0884 -0.104 -0.1188 -0.1328 -0.146 -0.1584 -0.17 -0.1808 -0.1908 -0.2 -0.2084 -0.216 -0.2228 -0.2288 -0.234 -0.2384 -0.242 -0.2448 -0.2468 -0.248 -0.2484 -0.248 -0.2468 -0.2448 -0.242 -0.2384 -0.234 -0.2288 -0.2228 -0.216 -0.2084 -0.2 -0.1908 -0.1808 -0.17 -0.1584 -0.146 -0.1328 -0.1188 -0.104 -0.0884 -0.072 -0.0548 -0.0368 -0.0184 0
1.06 0 -0.0176 -0.0352 -0.0528 -0.07 -0.0864 -0.102 -0.1168 -0.1308 -0.144 -0.1564 -0.168 -0.1788 -0.1888 -0.198 -0.2064 -0.214 -0.2208 -0.2268 -0.232 -0.2364 -0.24 -0.2428 -0.2448 -0.246 -0.2464 -0.246 -0.2448 -0.2428 -0.24 -0.2364 -0.232 -0.2268 -0.2208 -0.214 -0.2064 -0.198 -0.1888 -0.1788 -0.168 -0.1564 -0.144 -0.1308 -0.1168 -0.102 -0.0864 -0.07 -0.0528 -0.0352 -0.0176 0
1.08 0 -0.0168 -0.0336 -0.0504 -0.0672 -0.0836 -0.0992 -0.114 -0.128 -0.1412 -0.1536 -0.1652 -0.176 -0.186 -0.1952 -0.2036 -0.2112 -0.218 -0.224 -0.2292 -0.2336 -0.2372 -0.24 -0.242 -0.2432 -0.2436 -0.2432 -0.242 -0.24 -0.2372 -0.2336 -0.2292 -0.224 -0.218 -0.2112 -0.2036 -0.1952 -0.186 -0.176 -0.1652 -0.1536 -0.1412 -0.128 -0.114 -0.0992 -0.0836 -0.0672 -0.0504 -0.0336 -0.0168 0
1.1 0 -0.016 -0.032 -0.048 -0.064 -0.08 -0.0956 -0.1104 -0.1244 -0.1376 -0.15 -0.1616 -0.1724 -0.1824 -0.1916 -0.2 -0.2076 -0.2144 -0.2204 -0.2256 -0.23 -0.2336 -0.2364 -0.2384 -0.2396 -0.24 -0.2396 -0.2384 -0.2364 -0.2336 -0.23 -0.2256 -0.2204 -0.2144 -0.2076 -0.2 -0.1916 -0.1824 -0.1724 -0.1616 -0.15 -0.1376 -0.1244 -0.1104 -0.0956 -0.08 -0.064 -0.048 -0.032 -0.016 0
1.12 0 -0.0152 -0.0304 -0.0456 -0.0608 -0.076 -0.0912 -0.106 -0.12 -0.1332 -0.1456 -0.1572 -0.168 -0.178 -0.1872 -0.1956 -0.2032 -0.21 -0.216 -0.2212 -0.2256 -0.2292 -0.232 -0.234 -0.2352 -0.2356 -0.2352 -0.234 -0.232 -0.2292 -0.2256 -0.2212 -0.216 -0.21 -0.2032 -0.1956 -0.1872 -0.178 -0.168 -0.1572 -0.1456 -0.1332 -0.12 -0.106 -0.0912 -0.076 -0.0608 -0.0456 -0.0304 -0.0152 0
1.14 0 -0.0144 -0.0288 -0.0432 -0.0576 -0.072 -0.0864 -0.1008 -0.1148 -0.128 -0.1404 -0.152 -0.1628 -0.1728 -0.182 -0.1904 -0.198 -0.2048 -0.2108 -0.216 -0.2204 -0.224 -0.2268 -0.2288 -0.23 -0.2304 -0.23 -0.2288 -0.2268 -0.224 -0.2204 -0.216 -0.2108 -0.2048 -0.198 -0.1904 -0.182 -0.1728 -0.1628 -0.152 -0.1404 -0.128 -0.1148 -0.1008 -0.0864 -0.072 -0.0576 -0.0432 -0.0288 -0.0144 0
1.16 0 -0.0136 -0.0272 -0.0408 -0.0544 -0.068 -0.0816 -0.0952 -0.1088 -0.122 -0.1344 -0.146 -0.1568 -0.1668 -0.176 -0.1844 -0.192 -0.1988 -0.2048 -0.21 -0.2144 -0.218 -0.2208 -0.2228 -0.224 -0.2244 -0.224 -0.2228 -0.2208 -0.218 -0.2144 -0.21 -0.2048 -0.1988 -0.192 -0.1844 -0.176 -0.1668 -0.1568 -0.146 -0.1344 -0.122 -0.1088 -0.0952 -0.0816 -0.068 -0.0544 -0.0408 -0.0272 -0.0136 0
1.18 0 -0.0128 -0.0256 -0.0384 -0.0512 -0.064 -0.0768 -0.0896 -0.1024 -0.1152 -0.1276 -0.1392 -0.15 -0.16 -0.1692 -0.1776 -0.1852 -0.192 -0.198 -0.2032 -0.2076 -0.2112 -0.214 -0.216 -0.2172 -0.2176 -0.2172 -0.216 -0.214 -0.2112 -0.2076 -0.2032 -0.198 -0.192 -0.1852 -0.1776 -0.1692 -0.16 -0.15 -0.1392 -0.1276 -0.1152 -0.1024 -0.0896 -0.0768 -0.064 -0.0512 -0.0384 -0.0256 -0.0128 0
1.2 0 -0.012 -0.024 -0.036 -0.048 -0.06 -0.072 -0.084 -0.096 -0.108 -0.12 -0.1316 -0.1424 -0.1524 -0.1616 -0.17 -0.1776 -0.1844 -0.1904 -0.1956 -0.2 -0.2036 -0.2064 -0.2084 -0.2096 -0.21 -0.2096 -0.2084 -0.2064 -0.2036 -0.2 -0.1956 -0.1904 -0.1844 -0.1776 -0.17 -0.1616 -0.1524 -0.1424 -0.1316 -0.12 -0.108 -0.096 -0.084 -0.072 -0.06 -0.048 -0.036 -0.024 -0.012 0
1.22 0 -0.0112 -0.0224 -0.0336 -0.0448 -0.056 -0.0672 -0.0784 -0.0896 -0.1008 -0.112 -0.1232 -0.134 -0.144 -0.1532 -0.1616 -0.1692 -0.176 -0.182 -0.1872 -0.1916 -0.1952 -0.198 -0.2 -0.2012 -0.2016 -0.2012 -0.2 -0.198 -0.1952 -0.1916 -0.1872 -0.182 -0.176 -0.1692 -0.1616 -0.1532 -0.144 -0.134 -0.1232 -0.112 -0.1008 -0.0896 -0.0784 -0.0672 -0.056 -0.0448 -0.0336 -0.0224 -0.0112 0
1.24 0 -0.0104 -0.0208 -0.0312 -0.0416 -0.052 -0.0624 -0.0728 -0.0832 -0.0936 -0.104 -0.1144 -0.1248 -0.1348 -0.144 -0.1524 -0.16 -0.1668 -0.1728 -0.178 -0.1824 -0.186 -0.1888 -0.1908 -0.192 -0.1924 -0.192 -0.1908 -0.1888 -0.186 -0.1824 -0.178 -0.1728 -0.1668 -0.16 -0.1524 -0.144 -0.1348 -0.1248 -0.1144 -0.104 -0.0936 -0.0832 -0.0728 -0.0624 -0.052 -0.0416 -0.0312 -0.0208 -0.0104 0
1.26 0 -0.0096 -0.0192 -0.0288 -0.0384 -0.048 -0.0576 -0.0672 -0.0768 -0.0864 -0.096 -0.1056 -0.1152 -0.1248 -0.134 -0.1424 -0.15 -0.1568 -0.1628 -0.168 -0.1724 -0.176 -0.1788 -0.1808 -0.182 -0.1824 -0.182 -0.1808 -0.1788 -0.176 -0.1724 -0.168 -0.1628 -0.1568 -0.15 -0.1424 -0.134 -0.1248 -0.1152 -0.1056 -0.096 -0.0864 -0.0768 -0.0672 -0.0576 -0.048 -0.0384 -0.0288 -0.0192 -0.0096 0
1.28 0 -0.0088 -0.0176 -0.0264 -0.0352 -0.044 -0.0528 -0.0616 -0.0704 -0.0792 -0.088 -0.0968 -0.1056 -0.1144 -0.1232 -0.1316 -0.1392 -0.146 -0.152 -0.1572 -0.1616 -0.1652 -0.168 -0.17 -0.1712 -0.1716 -0.1712 -0.17 -0.168 -0.1652 -0.1616 -0.1572 -0.152 -0.146 -0.1392 -0.1316 -0.1232 -0.1144 -0.1056 -0.0968 -0.088 -0.0792 -0.0704 -0.0616 -0.0528 -0.044 -0.0352 -0.0264 -0.0176 -0.0088 0
1.3 0 -0.008 -0.016 -0.024 -0.032 -0.04 -0.048 -0.056 -0.064 -0.072 -0.08 -0.088 -0.096 -0.104 -0.112 -0.12 -0.1276 -0.1344 -0.1404 -0.1456 -0.15 -0.1536 -0.1564 -0.1584 -0.1596 -0.16 -0.1596 -0.1584 -0.1564 -0.1536 -0.15 -0.1456 -0.1404 -0.1344 -0.1276 -0.12 -0.112 -0.104 -0.096 -0.088 -0.08 -0.072 -0.064 -0.056 -0.048 -0.04 -0.032 -0.024 -0.016 -0.008 0
1.32 0 -0.0072 -0.0144 -0.0216 -0.0288 -0.036 -0.0432 -0.0504 -0.0576 -0.0648 -0.072 -0.0792 -0.0864 -0.0936 -0.1008 -0.108 -0.1152 -0.122 -0.128 -0.1332 -0.1376 -0.1412 -0.144 -0.146 -0.1472 -0.1476 -0.1472 -0.146 -0.144 -0.1412 -0.1376 -0.1332 -0.128 -0.122 -0.1152 -0.108 -0.1008 -0.0936 -0.0864 -0.0792 -0.072 -0.0648 -0.0576 -0.0504 -0.0432 -0.036 -0.0288 -0.0216 -0.0144 -0.0072 0
1.34 0 -0.0064 -0.0128 -0.0192 -0.0256 -0.032 -0.0384 -0.0448 -0.0512 -0.0576 -0.064 -0.0704 -0.0768 -0.0832 -0.0896 -0.096 -0.1024 -0.1088 -0.1148 -0.12 -0.1244 -0.128 -0.1308 -0.1328 -0.134 -0.1344 -0.134 -0.1328 -0.1308 -0.128 -0.1244 -0.12 -0.1148 -0.1088 -0.1024 -0.096 -0.0896 -0.0832 -0.0768 -0.0704 -0.064 -0.0576 -0.0512 -0.0448 -0.0384 -0.032 -0.0256 -0.0192 -0.0128 -0.0064 0
1.36 0 -0.0056 -0.0112 -0.0168 -0.0224 -0.028 -0.0336 -0.0392 -0.0448 -0.0504 -0.056 -0.0616 -0.0672 -0.0728 -0.0784 -0.084 -0.0896 -0.0952 -0.1008 -0.106 -0.1104 -0.114 -0.1168 -0.1188 -0.12 -0.1204 -0.12 -0.1188 -0.1168 -0.114 -0.1104 -0.106 -0.1008 -0.0952 -0.0896 -0.084 -0.0784 -0.0728 -0.0672 -0.0616 -0.056 -0.0504 -0.0448 -0.0392 -0.0336 -0.028 -0.0224 -0.0168 -0.0112 -0.0056 0
1.38 0 -0.0048 -0.0096 -0.0144 -0.0192 -0.024 -0.0288 -0.0336 -0.0384 -0.0432 -0.048 -0.0528 -0.0576 -0.0624 -0.0672 -0.072 -0.0768 -0.0816 -0.0864 -0.0912 -0.0956 -0.0992 -0.102 -0.104 -0.1052 -0.1056 -0.1052 -0.104 -0.102 -0.0992 -0.0956 -0.0912 -0.0864 -0.0816 -0.0768 -0.072 -0.0672 -0.0624 -0.0576 -0.0528 -0.048 -0.0432 -0.0384 -0.0336 -0.0288 -0.024 -0.0192 -0.0144 -0.0096 -0.0048 0
1.4 0 -0.004 -0.008 -0.012 -0.016 -0.02 -0.024 -0.028 -0.032 -0.036 -0.04 -0.044 -0.048 -0.052 -0.056 -0.06 -0.064 -0.068 -0.072 -0.076 -0.08 -0.0836 -0.0864 -0.0884 -0.0896 -0.09 -0.0896 -0.0884 -0.0864 -0.0836 -0.08 -0.076 -0.072 -0.068 -0.064 -0.06 -0.056 -0.052 -0.048 -0.044 -0.04 -0.036 -0.032 -0.028 -0.024 -0.02 -0.016 -0.012 -0.008 -0.004 0
1.42 0 -0.0032 -0.0064 -0.0096 -0.0128 -0.016 -0.0192 -0.0224 -0.0256 -0.0288 -0.032 -0.0352 -0.0384 -0.0416 -0.0448 -0.048 -0.0512 -0.0544 -0.0576 -0.0608 -0.064 -0.0672 -0.07 -0.072 -0.0732 -0.0736 -0.0732 -0.072 -0.07 -0.0672 -0.064 -0.0608 -0.0576 -0.0544 -0.0512 -0.048 -0.0448 -0.0416 -0.0384 -0.0352 -0.032 -0.0288 -0.0256 -0.0224 -0.0192 -0.016 -0.0128 -0.0096 -0.0064 -0.0032 0
1.44 0 -0.0024 -0.0048 -0.0072 -0.0096 -0.012 -0.0144 -0.0168 -0.0192 -0.0216 -0.024 -0.0264 -0.0288 -0.0312 -0.0336 -0.036 -0.0384 -0.0408 -0.0432 -0.0456 -0.048 -0.0504 -0.0528 -0.0548 -0.056 -0.0564 -0.056 -0.0548 -0.0528 -0.0504 -0.048 -0.0456 -0.0432 -0.0408 -0.0384 -0.036 -0.0336 -0.0312 -0.0288 -0.0264 -0.024 -0.0216 -0.0192 -0.0168 -0.0144 -0.012 -0.0096 -0.0072 -0.0048 -0.0024 0
1.46 0 -0.0016 -0.0032 -0.0048 -0.0064 -0.008 -0.0096 -0.0112 -0.0128 -0.0144 -0.016 -0.0176 -0.0192 -0.0208 -0.0224 -0.024 -0.0256 -0.0272 -0.0288 -0.0304 -0.032 -0.0336 -0.0352 -0.0368 -0.038 -0.0384 -0.038 -0.0368 -0.0352 -0.0336 -0.032 -0.0304 -0.0288 -0.0272 -0.0256 -0.024 -0.0224 -0.0208 -0.0192 -0.0176 -0.016 -0.0144 -0.0128 -0.0112 -0.0096 -0.008 -0.0064 -0.0048 -0.0032 -0.0016 0
1.48 0 -0.0008 -0.0016 -0.0024 -0.0032 -0.004 -0.0048 -0.0056 -0.0064 -0.0072 -0.008 -0.0088 -0.0096 -0.0104 -0.0112 -0.012 -0.0128 -0.0136 -0.0144 -0.0152 -0.016 -0.0168 -0.0176 -0.0184 -0.0192 -0.0196 -0.0192 -0.0184 -0.0176 -0.0168 -0.016 -0.0152 -0.0144 -0.0136 -0.0128 -0.012 -0.0112 -0.0104 -0.0096 -0.0088 -0.008 -0.0072 -0.0064 -0.0056 -0.0048 -0.004 -0.0032 -0.0024 -0.0016 -0.0008 0
1.5 0 1.38778e-16 2.77556e-16 6.10623e-16 4.16334e-16 1.1241e-15 7.21645e-16 1.84575e-15 1.08247e-15 2.45637e-15 1.08247e-15 2.95597e-15 1.47105e-15 3.40006e-15 1.80411e-15 3.94129e-15 1.77636e-15 4.27436e-15 1.91513e-15 4.46865e-15 2.13718e-15 4.7462e-15 2.47025e-15 4.82947e-15 2.69229e-15 4.91274e-15 2.7478e-15 4.80171e-15 2.77556e-15 4.69069e-15 2.58127e-15 4.2466e-15 2.22045e-15 4.02456e-15 2.06779e-15 3.58047e-15 1.92901e-15 3.17801e-15 1.67921e-15 2.84495e-15 1.51268e-15 2.3731e-15 1.23512e-15 1.70697e-15 9.85323e-16 1.09635e-15 5.55112e-16 8.04912e-16 3.33067e-16 2.498e-16 0
1.52 0 0.0008 0.0016 0.0024 0.0032 0.004 0.0048 0.0056 0.0064 0.0072 0.008 0.0088 0.0096 0.0104 0.0112 0.012 0.0128 0.0136 0.0144 0.0152 0.016 0.0168 0.0176 0.0184 0.0192 0.0196 0.0192 0.0184 0.0176 0.0168 0.016 0.0152 0.0144 0.0136 0.0128 0.012 0.0112 0.0104 0.0096 0.0088 0.008 0.0072 0.0064 0.0056 0.0048 0.004 0.0032 0.0024 0.0016 0.0008 0
1.54 0 0.0016 0.0032 0.0048 0.0064 0.008 0.0096 0.0112 0.0128 0.0144 0.016 0.0176 0.0192 0.0208 0.0224 0.024 0.0256 0.0272 0.0288 0.0304 0.032 0.0336 0.0352 0.0368 0.038 0.0384 0.038 0.0368 0.0352 0.0336 0.032 0.0304 0.0288 0.0272 0.0256 0.024 0.0224 0.0208 0.0192 0.0176 0.016 0.0144 0.0128 0.0112 0.0096 0.008 0.0064 0.0048 0.0032 0.0016 0
1.56 0 0.0024 0.0048 0.0072 0.0096 0.012 0.0144 0.0168 0.0192 0.0216 0.024 0.0264 0.0288 0.0312 0.0336 0.036 0.0384 0.0408 0.0432 0.0456 0.048 0.0504 0.0528 0.0548 0.056 0.0564 0.056 0.0548 0.0528 0.0504 0.048 0.0456 0.0432 0.0408 0.0384 0.036 0.0336 0.0312 0.0288 0.0264 0.024 0.0216 0.0192 0.0168 0.0144 0.012 0.0096 0.0072 0.0048 0.0024 0
1.58 0 0.0032 0.0064 0.0096 0.0128 0.016 0.0192 0.0224 0.0256 0.0288 0.032 0.0352 0.0384 0.0416 0.0448 0.048 0.0512 0.0544 0.0576 0.0608 0.064 0.0672 0.07 0.072 0.0732 0.0736 0.0732 0.072 0.07 0.0672 0.064 0.0608 0.0576 0.0544 0.0512 0.048 0.0448 0.0416 0.0384 0.0352 0.032 0.0288 0.0256 0.0224 0.0192 0.016 0.0128 0.0096 0.0064 0.0032 0
1.6 0 0.004 0.008 0.012 0.016 0.02 0.024 0.028 0.032 0.036 0.04 0.044 0.048 0.052 0.056 0.06 0.064 0.068 0.072 0.076 0.08 0.0836 0.0864 0.0884 0.0896 0.09 0.0896 0.0884 0.0864 0.0836 0.08 0.076 0.072 0.068 0.064 0.06 0.056 0.052 0.048 0.044 0.04 0.036 0.032 0.028 0.024 0.02 0.016 0.012 0.008 0.004 0
1.62 0 0.0048 0.0096 0.0144 0.0192 0.024 0.0288 0.0336 0.0384 0.0432 0.048 0.0528 0.0576 0.0624 0.0672 0.072 0.0768 0.0816 0.0864 0.0912 0.0956 0.0992 0.102 0.104 0.1052 0.1056 0.1052 0.104 0.102 0.0992 0.0956 0.0912 0.0864 0.0816 0.0768 0.072 0.0672 0.0624 0.0576 0.0528 0.048 0.0432 0.0384 0.0336 0.0288 0.024 0.0192 0.0144 0.0096 0.0048 0
1.64 0 0.0056 0.0112 0.0168 0.0224 0.028 0.0336 0.0392 0.0448 0.0504 0.056 0.0616 0.0672 0.0728 0.0784 0.084 0.0896 0.0952 0.1008 0.106 0.1104 0.114 0.1168 0.1188 0.12 0.1204 0.12 0.1188 0.1168 0.114 0.1104 0.106 0.1008 0.0952 0.0896 0.084 0.0784 0.0728 0.0672 0.0616 0.056 0.0504 0.0448 0.0392 0.0336 0.028 0.0224 0.0168 0.0112 0.0056 0
1.66 0 0.0064 0.0128 0.0192 0.0256 0.032 0.0384 0.0448 0.0512 0.0576 0.064 0.0704 0.0768 0.0832 0.0896 0.096 0.1024 0.1088 0.1148 0.12 0.1244 0.128 0.1308 0.1328 0.134 0.1344 0.134 0.1328 0.1308 0.128 0.1244 0.12 0.1148 0.1088 0.1024 0.096 0.0896 0.0832 0.0768 0.0704 0.064 0.0576 0.0512 0.0448 0.0384 0.032 0.0256 0.0192 0.0128 0.0064 0
1.68 0 0.0072 0.0144 0.0216 0.0288 0.036 0.0432 0.0504 0.0576 0.0648 0.072 0.0792 0.0864 0.0936 0.1008 0.108 0.1152 0.122 0.128 0.1332 0.1376 0.1412 0.144 0.146 0.1472 0.1476 0.1472 0.146 0.144 0.1412 0.1376 0.1332 0.128 0.122 0.1152 0.108 0.1008 0.0936 0.0864 0.0792 0.072 0.0648 0.0576 0.0504 0.0432 0.036 0.0288 0.0216 0.0144 0.0072 0
1.7 0 0.008 0.016 0.024 0.032 0.04 0.048 0.056 0.064 0.072 0.08 0.088 0.096 0.104 0.112 0.12 0.1276 0.1344 0.1404 0.1456 0.15 0.1536 0.1564 0.1584 0.1596 0.16 0.1596 0.1584 0.1564 0.1536 0.15 0.1456 0.1404 0.1344 0.1276 0.12 0.112 0.104 0.096 0.088 0.08 0.072 0.064 0.056 0.048 0.04 0.032 0.024 0.016 0.008 0
1.72 0 0.0088 0.0176 0.0264 0.0352 0.044 0.0528 0.0616 0.0704 0.0792 0.088 0.0968 0.1056 0.1144 0.1232 0.1316 0.1392 0.146 0.152 0.1572 0.1616 0.1652 0.168 0.17 0.1712 0.1716 0.1712 0.17 0.168 0.1652 0.1616 0.1572 0.152 0.146 0.1392 0.1316 0.1232 0.1144 0.1056 0.0968 0.088 0.0792 0.0704 0.0616 0.0528 0.044 0.0352 0.0264 0.0176 0.0088 0
1.74 0 0.0096 0.0192 0.0288 0.0384 0.048 0.0576 0.0672 0.0768 0.0864 0.096 0.1056 0.1152 0.1248 0.134 0.1424 0.15 0.1568 0.1628 0.168 0.1724 0.176 0.1788 0.1808 0.182 0.1824 0.182 0.1808 0.1788 0.176 0.1724 0.168 0.1628 0.1568 0.15 0.1424 0.134 0.1248 0.1152 0.1056 0.096 0.0864 0.0768 0.0672 0.0576 0.048 0.0384 0.0288 0.0192 0.0096 0
1.76 0 0.0104 0.0208 0.0312 0.0416 0.052 0.0624 0.0728 0.0832 0.0936 0.104 0.1144 0.1248 0.1348 0.144 0.1524 0.16 0.1668 0.1728 0.178 0.1824 0.186 0.1888 0.1908 0.192 0.1924 0.192 0.1908 0.1888 0.186 0.1824 0.178 0.1728 0.1668 0.16 0.1524 0.144 0.1348 0.1248 0.1144 0.104 0.0936 0.0832 0.0728 0.0624 0.052 0.0416 0.0312 0.0208 0.0104 0
1.78 0 0.0112 0.0224 0.0336 0.0448 0.056 0.0672 0.0784 0.0896 0.1008 0.112 0.1232 0.134 0.144 0.1532 0.1616 0.1692 0.176 0.182 0.1872 0.1916 0.1952 0.198 0.2 0.2012 0.2016 0.2012 0.2 0.198 0.1952 0.1916 0.1872 0.182 0.176 0.1692 0.1616 0.1532 0.144 0.134 0.1232 0.112 0.1008 0.0896 0.0784 0.0672 0.056 0.0448 0.0336 0.0224 0.0112 0
1.8 0 0.012 0.024 0.036 0.048 0.06 0.072 0.084 0.096 0.108 0.12 0.1316 0.1424 0.1524 0.1616 0.17 0.1776 0.1844 0.1904 0.1956 0.2 0.2036 0.2064 0.2084 0.2096 0.21 0.2096 0.2084 0.2064 0.2036 0.2 0.1956 0.1904 0.1844 0.1776 0.17 0.1616 0.1524 0.1424 0.1316 0.12 0.108 0.096 0.084 0.072 0.06 0.048 0.036 0.024 0.012 0
1.82 0 0.0128 0.0256 0.0384 0.0512 0.064 0.0768 0.0896 0.1024 0.1152 0.1276 0.1392 0.15 0.16 0.1692 0.1776 0.1852 0.192 0.198 0.2032 0.2076 0.2112 0.214 0.216 0.2172 0.2176 0.2172 0.216 0.214 0.2112 0.2076 0.2032 0.198 0.192 0.1852 0.1776 0.1692 0.16 0.15 0.1392 0.1276 0.1152 0.1024 0.0896 0.0768 0.064 0.0512 0.0384 0.0256 0.0128 0
1.84 0 0.0136 0.0272 0.0408 0.0544 0.068 0.0816 0.0952 0.1088 0.122 0.1344 0.146 0.1568 0.1668 0.176 0.1844 0.192 0.1988 0.2048 0.21 0.2144 0.218 0.2208 0.2228 0.224 0.2244 0.224 0.2228 0.2208 0.218 0.2144 0.21 0.2048 0.1988 0.192 0.1844 0.176 0.1668 0.1568 0.146 0.1344 0.122 0.1088 0.0952 0.0816 0.068 0.0544 0.0408 0.0272 0.0136 0
1.86 0 0.0144 0.0288 0.0432 0.0576 0.072 0.0864 0.1008 0.1148 0.128 0.1404 0.152 0.1628 0.1728 0.182 0.1904 0.198 0.2048 0.2108 0.216 0.2204 0.224 0.2268 0.2288 0.23 0.2304 0.23 0.2288 0.2268 0.224 0.2204 0.216 0.2108 0.2048 0.198 0.1904 0.182 0.1728 0.1628 0.152 0.1404 0.128 0.1148 0.1008 0.0864 0.072 0.0576 0.0432 0.0288 0.0144 0
1.88 0 0.0152 0.0304 0.0456 0.0608 0.076 0.0912 0.106 0.12 0.1332 0.1456 0.1572 0.168 0.178 0.1872 0.1956 0.2032 0.21 0.216 0.2212 0.2256 0.2292 0.232 0.234 0.2352 0.2356 0.2352 0.234 0.232 0.2292 0.2256 0.2212 0.216 0.21 0.2032 0.1956 0.1872 0.178 0.168 0.1572 0.1456 0.1332 0.12 0.106 0.0912 0.076 0.0608 0.0456 0.0304 0.0152 0
1.9 0 0.016 0.032 0.048 0.064 0.08 0.0956 0.1104 0.1244 0.1376 0.15 0.1616 0.1724 0.1824 0.1916 0.2 0.2076 0.2144 0.2204 0.2256 0.23 0.2336 0.2364 0.2384 0.2396 0.24 0.2396 0.2384 0.2364 0.2336 0.23 0.2256 0.2204 0.2144 0.2076 0.2 0.1916 0.1824 0.1724 0.1616 0.15 0.1376 0.1244 0.1104 0.0956 0.08 0.064 0.048 0.032 0.016 0
1.92 0 0.0168 0.0336 0.0504 0.0672 0.0836 0.0992 0.114 0.128 0.1412 0.1536 0.1652 0.176 0.186 0.1952 0.2036 0.2112 0.218 0.224 0.2292 0.2336 0.2372 0.24 0.242 0.2432 0.2436 0.2432 0.242 0.24 0.2372 0.2336 0.2292 0.224 0.218 0.2112 0.2036 0.1952 0.186 0.176 0.1652 0.1536 0.1412 0.128 0.114 0.0992 0.0836 0.0672 0.0504 0.0336 0.0168 0
1.94 0 0.0176 0.0352 0.0528 0.07 0.0864 0.102 0.1168 0.1308 0.144 0.1564 0.168 0.1788 0.1888 0.198 0.2064 0.214 0.2208 0.2268 0.232 0.2364 0.24 0.2428 0.2448 0.246 0.2464 0.246 0.2448 0.2428 0.24 0.2364 0.232 0.2268 0.2208 0.214 0.2064 0.198 0.1888 0.1788 0.168 0.1564 0.144 0.1308 0.1168 0.102 0.0864 0.07 0.0528 0.0352 0.0176 0
1.96 0 0.0184 0.0368 0.0548 0.072 0.0884 0.104 0.1188 0.1328 0.146 0.1584 0.17 0.1808 0.1908 0.2 0.2084 0.216 0.2228 0.2288 0.234 0.2384 0.242 0.2448 0.2468 0.248 0.2484 0.248 0.2468 0.2448 0.242 0.2384 0.234 0.2288 0.2228 0.216 0.2084 0.2 0.1908 0.1808 0.17 0.1584 0.146 0.1328 0.1188 0.104 0.0884 0.072 0.0548 0.0368 0.0184 0
1.98 0 0.0192 0.038 0.056 0.0732 0.0896 0.1052 0.12 0.134 0.1472 0.1596 0.1712 0.182 0.192 0.2012 0.2096 0.2172 0.224 0.23 0.2352 0.2396 0.2432 0.246 0.248 0.2492 0.2496 0.2492 0.248 0.246 0.2432 0.2396 0.2352 0.23 0.224 0.2172 0.2096 0.2012 0.192 0.182 0.1712 0.1596 0.1472 0.134 0.12 0.1052 0.0896 0.0732 0.056 0.038 0.0192 0
2 0 0.0196 0.0384 0.0564 0.0736 0.09 0.1056 0.1204 0.1344 0.1476 0.16 0.1716 0.1824 0.1924 0.2016 0.21 0.2176 0.2244 0.2304 0.2356 0.24 0.2436 0.2464 0.2484 0.2496 0.25 0.2496 0.2484 0.2464 0.2436 0.24 0.2356 0.2304 0.2244 0.2176 0.21 0.2016 0.1924 0.1824 0.1716 0.16 0.1476 0.1344 0.1204 0.1056 0.09 0.0736 0.0564 0.0384 0.0196 0
2.02 0 0.0192 0.038 0.056 0.0732 0.0896 0.1052 0.12 0.134 0.1472 0.1596 0.1712 0.182 0.192 0.2012 0.2096 0.2172 0.224 0.23 0.2352 0.2396 0.2432 0.246 0.248 0.2492 0.2496 0.2492 0.248 0.246 0.2432 0.2396 0.2352 0.23 0.224 0.2172 0.2096 0.2012 0.192 0.182 0.1712 0.1596 0.1472 0.134 0.12 0.1052 0.0896 0.0732 0.056 0.038 0.0192 0
2.04 0 0.0184 0.0368 0.0548 0.072 0.0884 0.104 0.1188 0.1328 0.146 0.1584 0.17 0.1808 0.1908 0.2 0.2084 0.216 0.2228 0.2288 0.234 0.2384 0.242 0.2448 0.2468 0.248 0.2484 0.248 0.2468 0.2448 0.242 0.2384 0.234 0.2288 0.2228 0.216 0.2084 0.2 0.1908 0.1808 0.17 0.1584 0.146 0.1328 0.1188 0.104 0.0884 0.072 0.0548 0.0368 0.0184 0
2.06 0 0.0176 0.0352 0.0528 0.07 0.0864 0.102 0.1168 0.1308 0.144 0.1564 0.168 0.1788 0.1888 0.198 0.2064 0.214 0.2208 0.2268 0.232 0.2364 0.24 0.2428 0.2448 0.246 0.2464 0.246 0.2448 0.2428 0.24 0.2364 0.232 0.2268 0.2208 0.214 0.2064 0.198 0.1888 0.1788 0.168 0.1564 0.144 0.1308 0.1168 0.102 0.0864 0.07 0.0528 0.0352 0.0176 0
2.08 0 0.0168 0.0336 0.0504 0.0672 0.0836 0.0992 0.114 0.128 0.1412 0.1536 0.1652 0.176 0.186 0.1952 0.2036 0.2112 0.218 0.224 0.2292 0.2336 0.2372 0.24 0.242 0.2432 0.2436 0.2432 0.242 0.24 0.2372 0.2336 0.2292 0.224 0.218 0.2112 0.2036 0.1952 0.186 0.176 0.1652 0.1536 0.1412 0.128 0.114 0.0992 0.0836 0.0672 0.0504 0.0336 0.0168 0
2.1 0 0.016 0.032 0.048 0.064 0.08 0.0956 0.1104 0.1244 0.1376 0.15 0.1616 0.1724 0.1824 0.1916 0.2 0.2076 0.2144 0.2204 0.2256 0.23 0.2336 0.2364 0.2384 0.2396 0.24 0.2396 0.2384 0.2364 0.2336 0.23 0.2256 0.2204 0.2144 0.2076 0.2 0.1916 0.1824 0.1724 0.1616 0.15 0.1376 0.1244 0.1104 0.0956 0.08 0.064 0.048 0.032 0.016 0
2.12 0 0.0152 0.0304 0.0456 0.0608 0.076 0.0912 0.106 0.12 0.1332 0.1456 0.1572 0.168 0.178 0.1872 0.1956 0.2032 0.21 0.216 0.2212 0.2256 0.2292 0.232 0.234 0.2352 0.2356 0.2352 0.234 0.232 0.2292 0.2256 0.2212 0.216 0.21 0.2032 0.1956 0.1872 0.178 0.168 0.1572 0.1456 0.1332 0.12 0.106 0.0912 0.076 0.0608 0.0456 0.0304 0.0152 0
2.14 0 0.0144 0.0288 0.0432 0.0576 0.072 0.0864 0.1008 0.1148 0.128 0.1404 0.152 0.1628 0.1728 0.182 0.1904 0.198 0.2048 0.2108 0.216 0.2204 0.224 0.2268 0.2288 0.23 0.2304 0.23 0.2288 0.2268 0.224 0.2204 0.216 0.2108 0.2048 0.198 0.1904 0.182 0.1728 0.1628 0.152 0.1404 0.128 0.1148 0.1008 0.0864 0.072 0.0576 0.0432 0.0288 0.0144 0
2.16 0 0.0136 0.0272 0.0408 0.0544 0.068 0.0816 0.0952 0.1088 0.122 0.1344 0.146 0.1568 0.1668 0.176 0.1844 0.192 0.1988 0.2048 0.21 0.2144 0.218 0.2208 0.2228 0.224 0.2244 0.224 0.2228 0.2208 0.218 0.2144 0.21 0.2048 0.1988 0.192 0.1844 0.176 0.1668 0.1568 0.146 0.1344 0.122 0.1088 0.0952 0.0816 0.068 0.0544 0.0408 0.0272 0.0136 0
2.18 0 0.0128 0.0256 0.0384 0.0512 0.064 0.0768 0.0896 0.1024 0.1152 0.1276 0.1392 0.15 0.16 0.1692 0.1776 0.1852 0.192 0.198 0.2032 0.2076 0.2112 0.214 0.216 0.2172 0.2176 0.2172 0.216 0.214 0.2112 0.2076 0.2032 0.198 0.192 0.1852 0.1776 0.1692 0.16 0.15 0.1392 0.1276 0.1152 0.1024 0.0896 0.0768 0.064 0.0512 0.0384 0.0256 0.0128 0
2.2 0 0.012 0.024 0.036 0.048 0.06 0.072 0.084 0.096 0.108 0.12 0.1316 0.1424 0.1524 0.1616 0.17 0.1776 0.1844 0.1904 0.1956 0.2 0.2036 0.2064 0.2084 0.2096 0.21 0.2096 0.2084 0.2064 0.2036 0.2 0.1956 0.1904 0.1844 0.1776 0.17 0.1616 0.1524 0.1424 0.1316 0.12 0.108 0.096 0.084 0.072 0.06 0.048 0.036 0.024 0.012 0
